Ciphertext Stream:
i1 | x:c0 | [0,1,2,3,4,5,6,7,8,9,10,11,12,13,14,15,16,17,18,19,20,21,22,23,24,25,26,27,28,29,30,31,32,33,34,35,36,37,38,39,40,41,42,43,44,45,46,47,48,49,50]
i2 | x:c1 | [0,1,2,3,4,5,6,7,8,9,10,11,12,13,14,15,16,17,18,19,20,21,22,23,24,25,26,27,28,29,30,31,32,33,34,35,36,37,38,39,40,41,42,43,44,45,46,47,48,49,50]
i3 | y:c0 | [0,1,2,3,4,5,6,7,8,9,10,11,12,13,14,15,16,17,18,19,20,21,22,23,24,25,26,27,28,29,30,31,32,33,34,35,36,37,38,39,40,41,42,43,44,45,46,47,48,49,50]
i4 | y:c1 | [0,1,2,3,4,5,6,7,8,9,10,11,12,13,14,15,16,17,18,19,20,21,22,23,24,25,26,27,28,29,30,31,32,33,34,35,36,37,38,39,40,41,42,43,44,45,46,47,48,49,50]
;
Plaintext Stream:
;
Scalar Stream:
;
Output Stream:
v32 | z:c1 | [0,1,2,3,4,5,6,7,8,9,10,11,12,13,14,15,16,17,18,19,20,21,22,23,24,25,26,27,28,29,30,31,32,33,34,35,36,37,38,39,40,41,42,43,44,45,46,47,48,49]
v34 | z:c0 | [0,1,2,3,4,5,6,7,8,9,10,11,12,13,14,15,16,17,18,19,20,21,22,23,24,25,26,27,28,29,30,31,32,33,34,35,36,37,38,39,40,41,42,43,44,45,46,47,48,49]
;
Evalkey Stream:
k58 | K:0:51:13:0:c0:[0,1,2,3,4,5,6,7,8,9,10,11,12] | [0,1,2,3,4,5,6,7,8,9,10,11,12,13,14,15,16,17,18,19,20,21,22,23,24,25,26,27,28,29,30,31,32,33,34,35,36,37,38,39,40,41,42,43,44,45,46,47,48,49,50]
k59 | K:0:51:13:0:c0:[0,1,2,3,4,5,6,7,8,9,10,11,12] | [51,52,53,54,55,56,57,58,59,60,61,62,63]
k60 | K:0:51:13:0:c1:[0,1,2,3,4,5,6,7,8,9,10,11,12] | [0,1,2,3,4,5,6,7,8,9,10,11,12,13,14,15,16,17,18,19,20,21,22,23,24,25,26,27,28,29,30,31,32,33,34,35,36,37,38,39,40,41,42,43,44,45,46,47,48,49,50]
k61 | K:0:51:13:0:c1:[0,1,2,3,4,5,6,7,8,9,10,11,12] | [51,52,53,54,55,56,57,58,59,60,61,62,63]
k73 | K:0:51:13:0:c0:[13,14,15,16,17,18,19,20,21,22,23,24,25] | [0,1,2,3,4,5,6,7,8,9,10,11,12,13,14,15,16,17,18,19,20,21,22,23,24,25,26,27,28,29,30,31,32,33,34,35,36,37,38,39,40,41,42,43,44,45,46,47,48,49,50]
k74 | K:0:51:13:0:c0:[13,14,15,16,17,18,19,20,21,22,23,24,25] | [51,52,53,54,55,56,57,58,59,60,61,62,63]
k75 | K:0:51:13:0:c1:[13,14,15,16,17,18,19,20,21,22,23,24,25] | [0,1,2,3,4,5,6,7,8,9,10,11,12,13,14,15,16,17,18,19,20,21,22,23,24,25,26,27,28,29,30,31,32,33,34,35,36,37,38,39,40,41,42,43,44,45,46,47,48,49,50]
k76 | K:0:51:13:0:c1:[13,14,15,16,17,18,19,20,21,22,23,24,25] | [51,52,53,54,55,56,57,58,59,60,61,62,63]
k88 | K:0:51:13:0:c0:[26,27,28,29,30,31,32,33,34,35,36,37,38] | [0,1,2,3,4,5,6,7,8,9,10,11,12,13,14,15,16,17,18,19,20,21,22,23,24,25,26,27,28,29,30,31,32,33,34,35,36,37,38,39,40,41,42,43,44,45,46,47,48,49,50]
k89 | K:0:51:13:0:c0:[26,27,28,29,30,31,32,33,34,35,36,37,38] | [51,52,53,54,55,56,57,58,59,60,61,62,63]
k90 | K:0:51:13:0:c1:[26,27,28,29,30,31,32,33,34,35,36,37,38] | [0,1,2,3,4,5,6,7,8,9,10,11,12,13,14,15,16,17,18,19,20,21,22,23,24,25,26,27,28,29,30,31,32,33,34,35,36,37,38,39,40,41,42,43,44,45,46,47,48,49,50]
k91 | K:0:51:13:0:c1:[26,27,28,29,30,31,32,33,34,35,36,37,38] | [51,52,53,54,55,56,57,58,59,60,61,62,63]
k103 | K:0:51:13:0:c0:[39,40,41,42,43,44,45,46,47,48,49,50] | [0,1,2,3,4,5,6,7,8,9,10,11,12,13,14,15,16,17,18,19,20,21,22,23,24,25,26,27,28,29,30,31,32,33,34,35,36,37,38,39,40,41,42,43,44,45,46,47,48,49,50]
k104 | K:0:51:13:0:c0:[39,40,41,42,43,44,45,46,47,48,49,50] | [51,52,53,54,55,56,57,58,59,60,61,62,63]
k105 | K:0:51:13:0:c1:[39,40,41,42,43,44,45,46,47,48,49,50] | [0,1,2,3,4,5,6,7,8,9,10,11,12,13,14,15,16,17,18,19,20,21,22,23,24,25,26,27,28,29,30,31,32,33,34,35,36,37,38,39,40,41,42,43,44,45,46,47,48,49,50]
k106 | K:0:51:13:0:c1:[39,40,41,42,43,44,45,46,47,48,49,50] | [51,52,53,54,55,56,57,58,59,60,61,62,63]
;
